1, 0.00, 0.00, 0.00
2, 0.00, 0.00, 0.00
3, 0.00, 0.00, 0.00
4, 0.00, 0.00, 0.00
5, 0.00, 0.00, 0.00
6, 0.00, 0.00, 0.00
7, 0.00, 0.00, 0.00
8, 0.00, 0.00, 0.00
9, 0.00, 0.00, 0.00
10, 0.00, 0.00, 0.00
11, 0.00, 0.00, 0.00
12, 0.00, 0.00, 0.00
13, 0.00, 0.00, 0.00
14, 0.00, 0.00, 0.00
15, 0.00, 0.00, 0.00
16, 0.00, 0.00, 0.00
17, 0.00, 0.00, 0.00
18, 0.00, 0.00, 0.00
19, 0.00, 0.00, 0.00
20, 0.00, 0.00, 0.00
21, 0.00, 0.00, 0.00
22, 0.00, 0.00, 0.00
23, 0.00, 0.00, 0.00
24, 0.00, 0.00, 0.00
25, 0.00, 0.00, 0.00
26, 0.00, 0.00, 0.00
27, 0.00, 0.00, 0.00
28, 0.00, 0.00, 0.00
29,45.00, 0.00, 0.00
30,45.00, 0.00, 0.00
31,45.00, 0.00, 0.00
32,45.00, 0.00, 0.00
33,45.00, 0.00, 0.00
34,45.00, 0.00, 0.00
35,45.00, 0.00, 0.00
36,45.00, 0.00, 0.00
37,45.00, 0.00, 0.00
38,45.00, 0.00, 0.00
39,45.00, 0.00, 0.00
40,45.00, 0.00, 0.00
41,45.00, 0.00, 0.00
42,45.00, 0.00, 0.00
43,45.00, 0.00, 0.00
44,45.00, 0.00, 0.00
45,45.00, 0.00, 0.00
46,45.00, 0.00, 0.00
47,45.00, 0.00, 0.00
48,45.00, 0.00, 0.00
49,45.00, 0.00, 0.00
50, 0.00, 0.00, 0.00
51, 0.00, 0.00, 0.00
52, 0.00, 0.00, 0.00
53, 0.00, 0.00, 0.00
54, 0.00, 0.00, 0.00
55, 0.00, 0.00, 0.00
56, 0.00, 0.00, 0.00
57, 0.00, 0.00, 0.00
58, 0.00, 0.00, 0.00
59, 0.00, 0.00, 0.00
60, 0.00, 0.00, 0.00
61, 0.00, 0.00, 0.00
62, 0.00, 0.00, 0.00
63, 0.00, 0.00, 0.00
64, 0.00, 0.00, 0.00
65, 0.00, 0.00, 0.00
66, 0.00, 0.00, 0.00
67, 0.00, 0.00, 0.00
68, 0.00, 0.00, 0.00
69, 0.00, 0.00, 0.00
70, 0.00, 0.00, 0.00
71, 0.00, 0.00, 0.00
72, 0.00, 0.00, 0.00
73, 0.00, 0.00, 0.00
74, 0.00, 0.00, 0.00
75, 0.00, 0.00, 0.00
76, 0.00, 0.00, 0.00
77, 0.00, 0.00, 0.00
78,45.00, 0.00, 0.00
79,45.00, 0.00, 0.00
80,45.00, 0.00, 0.00
81,45.00, 0.00, 0.00
82,45.00, 0.00, 0.00
83,45.00, 0.00, 0.00
84,45.00, 0.00, 0.00
85,45.00, 0.00, 0.00
86,45.00, 0.00, 0.00
87,45.00, 0.00, 0.00
88,45.00, 0.00, 0.00
89,45.00, 0.00, 0.00
90,45.00, 0.00, 0.00
91,45.00, 0.00, 0.00
92,45.00, 0.00, 0.00
93,45.00, 0.00, 0.00
94,45.00, 0.00, 0.00
95,45.00, 0.00, 0.00
96,45.00, 0.00, 0.00
97,45.00, 0.00, 0.00
98,45.00, 0.00, 0.00
99, 0.00, 0.00, 0.00
100, 0.00, 0.00, 0.00
101, 0.00, 0.00, 0.00
102, 0.00, 0.00, 0.00
103, 0.00, 0.00, 0.00
104, 0.00, 0.00, 0.00
105, 0.00, 0.00, 0.00
106, 0.00, 0.00, 0.00
107, 0.00, 0.00, 0.00
108, 0.00, 0.00, 0.00
109, 0.00, 0.00, 0.00
110, 0.00, 0.00, 0.00
111, 0.00, 0.00, 0.00
112, 0.00, 0.00, 0.00
113, 0.00, 0.00, 0.00
114, 0.00, 0.00, 0.00
115, 0.00, 0.00, 0.00
116, 0.00, 0.00, 0.00
117, 0.00, 0.00, 0.00
118, 0.00, 0.00, 0.00
119, 0.00, 0.00, 0.00
120, 0.00, 0.00, 0.00
121, 0.00, 0.00, 0.00
122, 0.00, 0.00, 0.00
123, 0.00, 0.00, 0.00
124, 0.00, 0.00, 0.00
125, 0.00, 0.00, 0.00
126, 0.00, 0.00, 0.00
127,45.00, 0.00, 0.00
128,45.00, 0.00, 0.00
129,45.00, 0.00, 0.00
130,45.00, 0.00, 0.00
131,45.00, 0.00, 0.00
132,45.00, 0.00, 0.00
133,45.00, 0.00, 0.00
134,45.00, 0.00, 0.00
135,45.00, 0.00, 0.00
136,45.00, 0.00, 0.00
137,45.00, 0.00, 0.00
138,45.00, 0.00, 0.00
139,45.00, 0.00, 0.00
140,45.00, 0.00, 0.00
141,45.00, 0.00, 0.00
142,45.00, 0.00, 0.00
143,45.00, 0.00, 0.00
144,45.00, 0.00, 0.00
145,45.00, 0.00, 0.00
146,45.00, 0.00, 0.00
147,45.00, 0.00, 0.00
148, 0.00, 0.00, 0.00
149, 0.00, 0.00, 0.00
150, 0.00, 0.00, 0.00
151, 0.00, 0.00, 0.00
152, 0.00, 0.00, 0.00
153, 0.00, 0.00, 0.00
154, 0.00, 0.00, 0.00
155, 0.00, 0.00, 0.00
156, 0.00, 0.00, 0.00
157, 0.00, 0.00, 0.00
158, 0.00, 0.00, 0.00
159, 0.00, 0.00, 0.00
160, 0.00, 0.00, 0.00
161, 0.00, 0.00, 0.00
162, 0.00, 0.00, 0.00
163, 0.00, 0.00, 0.00
164, 0.00, 0.00, 0.00
165, 0.00, 0.00, 0.00
166, 0.00, 0.00, 0.00
167, 0.00, 0.00, 0.00
168, 0.00, 0.00, 0.00
169, 0.00, 0.00, 0.00
170, 0.00, 0.00, 0.00
171, 0.00, 0.00, 0.00
172, 0.00, 0.00, 0.00
173, 0.00, 0.00, 0.00
174, 0.00, 0.00, 0.00
175, 0.00, 0.00, 0.00
176,45.00, 0.00, 0.00
177,45.00, 0.00, 0.00
178,45.00, 0.00, 0.00
179,45.00, 0.00, 0.00
180,45.00, 0.00, 0.00
181,45.00, 0.00, 0.00
182,45.00, 0.00, 0.00
183,45.00, 0.00, 0.00
184,45.00, 0.00, 0.00
185,45.00, 0.00, 0.00
186,45.00, 0.00, 0.00
187,45.00, 0.00, 0.00
188,45.00, 0.00, 0.00
189,45.00, 0.00, 0.00
190,45.00, 0.00, 0.00
191,45.00, 0.00, 0.00
192,45.00, 0.00, 0.00
193,45.00, 0.00, 0.00
194,45.00, 0.00, 0.00
195,45.00, 0.00, 0.00
196,45.00, 0.00, 0.00
197, 0.00, 0.00, 0.00
198, 0.00, 0.00, 0.00
199, 0.00, 0.00, 0.00
200, 0.00, 0.00, 0.00
201, 0.00, 0.00, 0.00
202, 0.00, 0.00, 0.00
203, 0.00, 0.00, 0.00
204, 0.00, 0.00, 0.00
205, 0.00, 0.00, 0.00
206, 0.00, 0.00, 0.00
207, 0.00, 0.00, 0.00
208, 0.00, 0.00, 0.00
209, 0.00, 0.00, 0.00
210, 0.00, 0.00, 0.00
211, 0.00, 0.00, 0.00
212, 0.00, 0.00, 0.00
213, 0.00, 0.00, 0.00
214, 0.00, 0.00, 0.00
215, 0.00, 0.00, 0.00
216, 0.00, 0.00, 0.00
217, 0.00, 0.00, 0.00
218, 0.00, 0.00, 0.00
219, 0.00, 0.00, 0.00
220, 0.00, 0.00, 0.00
221, 0.00, 0.00, 0.00
222, 0.00, 0.00, 0.00
223, 0.00, 0.00, 0.00
224, 0.00, 0.00, 0.00
225,45.00, 0.00, 0.00
226,45.00, 0.00, 0.00
227,45.00, 0.00, 0.00
228,45.00, 0.00, 0.00
229,45.00, 0.00, 0.00
230,45.00, 0.00, 0.00
231,45.00, 0.00, 0.00
232,45.00, 0.00, 0.00
233,45.00, 0.00, 0.00
234,45.00, 0.00, 0.00
235,45.00, 0.00, 0.00
236,45.00, 0.00, 0.00
237,45.00, 0.00, 0.00
238,45.00, 0.00, 0.00
239,45.00, 0.00, 0.00
240,45.00, 0.00, 0.00
241,45.00, 0.00, 0.00
242,45.00, 0.00, 0.00
243,45.00, 0.00, 0.00
244,45.00, 0.00, 0.00
245,45.00, 0.00, 0.00
246, 0.00, 0.00, 0.00
247, 0.00, 0.00, 0.00
248, 0.00, 0.00, 0.00
249, 0.00, 0.00, 0.00
250, 0.00, 0.00, 0.00
251, 0.00, 0.00, 0.00
252, 0.00, 0.00, 0.00
253, 0.00, 0.00, 0.00
254, 0.00, 0.00, 0.00
255, 0.00, 0.00, 0.00
256, 0.00, 0.00, 0.00
257, 0.00, 0.00, 0.00
258, 0.00, 0.00, 0.00
259, 0.00, 0.00, 0.00
260, 0.00, 0.00, 0.00
261, 0.00, 0.00, 0.00
262, 0.00, 0.00, 0.00
263, 0.00, 0.00, 0.00
264, 0.00, 0.00, 0.00
265, 0.00, 0.00, 0.00
266, 0.00, 0.00, 0.00
267, 0.00, 0.00, 0.00
268, 0.00, 0.00, 0.00
269, 0.00, 0.00, 0.00
270, 0.00, 0.00, 0.00
271, 0.00, 0.00, 0.00
272, 0.00, 0.00, 0.00
273, 0.00, 0.00, 0.00
274,45.00, 0.00, 0.00
275,45.00, 0.00, 0.00
276,45.00, 0.00, 0.00
277,45.00, 0.00, 0.00
278,45.00, 0.00, 0.00
279,45.00, 0.00, 0.00
280,45.00, 0.00, 0.00
281,45.00, 0.00, 0.00
282,45.00, 0.00, 0.00
283,45.00, 0.00, 0.00
284,45.00, 0.00, 0.00
285,45.00, 0.00, 0.00
286,45.00, 0.00, 0.00
287,45.00, 0.00, 0.00
288,45.00, 0.00, 0.00
289,45.00, 0.00, 0.00
290,45.00, 0.00, 0.00
291,45.00, 0.00, 0.00
292,45.00, 0.00, 0.00
293,45.00, 0.00, 0.00
294,45.00, 0.00, 0.00
295, 0.00, 0.00, 0.00
296, 0.00, 0.00, 0.00
297, 0.00, 0.00, 0.00
298, 0.00, 0.00, 0.00
299, 0.00, 0.00, 0.00
300, 0.00, 0.00, 0.00
301, 0.00, 0.00, 0.00
302, 0.00, 0.00, 0.00
303, 0.00, 0.00, 0.00
304, 0.00, 0.00, 0.00
305, 0.00, 0.00, 0.00
306, 0.00, 0.00, 0.00
307, 0.00, 0.00, 0.00
308, 0.00, 0.00, 0.00
309, 0.00, 0.00, 0.00
310, 0.00, 0.00, 0.00
311, 0.00, 0.00, 0.00
312, 0.00, 0.00, 0.00
313, 0.00, 0.00, 0.00
314, 0.00, 0.00, 0.00
315, 0.00, 0.00, 0.00
316, 0.00, 0.00, 0.00
317, 0.00, 0.00, 0.00
318, 0.00, 0.00, 0.00
319, 0.00, 0.00, 0.00
320, 0.00, 0.00, 0.00
321, 0.00, 0.00, 0.00
322, 0.00, 0.00, 0.00
323,45.00, 0.00, 0.00
324,45.00, 0.00, 0.00
325,45.00, 0.00, 0.00
326,45.00, 0.00, 0.00
327,45.00, 0.00, 0.00
328,45.00, 0.00, 0.00
329,45.00, 0.00, 0.00
330,45.00, 0.00, 0.00
331,45.00, 0.00, 0.00
332,45.00, 0.00, 0.00
333,45.00, 0.00, 0.00
334,45.00, 0.00, 0.00
335,45.00, 0.00, 0.00
336,45.00, 0.00, 0.00
337,45.00, 0.00, 0.00
338,45.00, 0.00, 0.00
339,45.00, 0.00, 0.00
340,45.00, 0.00, 0.00
341,45.00, 0.00, 0.00
342,45.00, 0.00, 0.00
343,45.00, 0.00, 0.00
